osu file format v14

[General]
AudioFilename: audio.mp3
AudioLeadIn: 0
PreviewTime: -1
Countdown: 0
SampleSet: Soft
StackLeniency: 0.7
Mode: 0
LetterboxInBreaks: 0
WidescreenStoryboard: 0

[Editor]
Bookmarks: 10457,18829,27201,35573,43945,52317,60689,69061,77433,85805,94178,102550,110922,119294,127666,136038,144410,152782,161154,169526,177898,186271
DistanceSpacing: 0.8
BeatDivisor: 4
GridSize: 8
TimelineZoom: 2.4

[Metadata]
Title:Gravitate
TitleUnicode:Gravitate
Artist:Creo
ArtistUnicode:Creo
Creator:
Version:
Source:
Tags:
BeatmapID:0
BeatmapSetID:-1

[Difficulty]
HPDrainRate:5
CircleSize:4
OverallDifficulty:5
ApproachRate:9
SliderMultiplier:1.4
SliderTickRate:1

[Events]
//Background and Video events
//Break Periods
2,86005,93578
//Storyboard Layer 0 (Background)
//Storyboard Layer 1 (Fail)
//Storyboard Layer 2 (Pass)
//Storyboard Layer 3 (Foreground)
//Storyboard Layer 4 (Overlay)
//Storyboard Sound Samples

[TimingPoints]
-8,348.837209302326,6,2,0,100,1,0
2085,-100,6,2,0,100,0,0
10457,-100,6,2,0,100,0,0
18829,-100,6,2,0,100,0,0
27201,-100,6,2,0,100,0,0
35573,-100,6,2,0,100,0,0
43945,-100,6,2,0,100,0,0
52317,-100,6,2,0,100,0,0
60689,-100,6,2,0,100,0,0
69061,-100,6,2,0,100,0,0
77433,-100,6,2,0,100,0,0
85805,-100,6,2,0,100,0,0
94178,-100,6,2,0,100,0,0
102550,-100,6,2,0,100,0,0
110922,-100,6,2,0,100,0,0
119294,-100,6,2,0,100,0,0
127666,-100,6,2,0,100,0,0
136038,-100,6,2,0,100,0,0
144410,-100,6,2,0,100,0,0
152782,-100,6,2,0,100,0,0
161154,-100,6,2,0,100,0,0
169526,-100,6,2,0,100,0,0
177898,-100,6,2,0,100,0,0


[HitObjects]
225,87,2085,6,0,L|313:74,3,70
225,87,2782,2,0,L|313:74,4,70
225,87,3654,2,0,L|313:74,2,70
225,87,4178,2,0,L|313:74,3,70
225,87,4876,2,0,L|313:74,4,70
225,87,5748,2,0,L|313:74,2,70
225,87,6271,2,0,L|313:74,3,70
225,87,6969,2,0,L|313:74,4,70
225,87,7841,2,0,L|313:74,2,70
225,87,8365,2,0,L|313:74,3,70
225,87,9061,2,0,L|313:74,4,70
225,87,9933,2,0,L|313:74,1,70
166,17,10282,1,0,0:0:0:0:
225,87,10457,2,0,L|313:74,1,70
225,87,10805,2,0,L|313:74,1,70
225,87,11154,2,0,L|313:74,2,70
225,87,11678,2,0,L|313:74,1,70
225,87,12026,2,0,L|313:74,2,70
225,87,12550,2,0,L|313:74,1,70
225,87,12898,2,0,L|313:74,1,70
225,87,13247,2,0,L|313:74,2,70
225,87,13771,2,0,L|313:74,1,70
225,87,14119,2,0,L|313:74,2,70
225,87,14643,2,0,L|313:74,1,70
225,87,14991,2,0,L|313:74,1,70
225,87,15340,2,0,L|313:74,2,70
225,87,15864,2,0,L|313:74,1,70
225,87,16212,2,0,L|313:74,2,70
225,87,16736,2,0,L|313:74,1,70
225,87,17084,2,0,L|313:74,1,70
225,87,17433,2,0,L|313:74,2,70
225,87,17957,2,0,L|313:74,1,70
225,87,18305,2,0,L|313:74,1,70
166,17,18654,1,0,0:0:0:0:
225,87,18829,2,0,L|313:74,1,70
225,87,19178,2,0,L|313:74,1,70
166,17,19526,1,0,0:0:0:0:
166,17,19701,1,0,0:0:0:0:
166,17,19875,1,0,0:0:0:0:
225,87,20050,2,0,L|313:74,1,70
166,17,20398,1,0,0:0:0:0:
166,17,20573,1,0,0:0:0:0:
166,17,20747,1,0,0:0:0:0:
225,87,20922,2,0,L|313:74,1,70
225,87,21271,2,0,L|313:74,1,70
166,17,21619,1,0,0:0:0:0:
166,17,21794,1,0,0:0:0:0:
166,17,21968,1,0,0:0:0:0:
225,87,22143,2,0,L|313:74,1,70
166,17,22491,1,0,0:0:0:0:
166,17,22666,1,0,0:0:0:0:
166,17,22840,1,0,0:0:0:0:
225,87,23015,2,0,L|313:74,1,70
225,87,23364,2,0,L|313:74,1,70
166,17,23712,1,0,0:0:0:0:
166,17,23887,1,0,0:0:0:0:
166,17,24061,1,0,0:0:0:0:
225,87,24236,2,0,L|313:74,1,70
166,17,24585,1,0,0:0:0:0:
166,17,24759,1,0,0:0:0:0:
166,17,24933,1,0,0:0:0:0:
225,87,25108,2,0,L|313:74,1,70
225,87,25457,2,0,L|313:74,1,70
166,17,25805,1,0,0:0:0:0:
166,17,25980,1,0,0:0:0:0:
166,17,26154,1,0,0:0:0:0:
225,87,26329,2,0,L|313:74,1,70
166,17,26678,1,0,0:0:0:0:
166,17,26852,1,0,0:0:0:0:
166,17,27026,1,0,0:0:0:0:
431,77,27201,2,0,L|456:313,1,210
225,87,27898,2,0,L|313:74,1,70
166,17,28247,1,0,0:0:0:0:
225,87,28422,2,0,L|313:74,1,70
225,87,28771,2,0,L|313:74,1,70
166,17,29119,1,0,0:0:0:0:
225,87,29294,2,0,L|313:74,1,70
225,87,29643,2,0,L|313:74,1,70
225,87,29991,2,0,L|313:74,2,70
166,17,30515,1,0,0:0:0:0:
166,17,30689,1,0,0:0:0:0:
166,17,30864,1,0,0:0:0:0:
166,17,31038,1,0,0:0:0:0:
166,17,31212,1,0,0:0:0:0:
431,77,31387,2,0,L|456:313,1,210
225,87,32085,2,0,L|313:74,1,70
166,17,32434,1,0,0:0:0:0:
225,87,32609,2,0,L|313:74,1,70
225,87,32958,2,0,L|313:74,1,70
166,17,33306,1,0,0:0:0:0:
166,17,33480,1,0,0:0:0:0:
108,197,33654,2,0,L|270:177,1,140
225,87,34178,2,0,L|313:74,1,70
108,197,34526,2,0,L|270:177,1,140
225,87,35050,2,0,L|313:74,1,70
289,357,35398,2,0,L|343:348,1,35
431,77,35573,2,0,L|456:313,1,210
225,87,36271,2,0,L|313:74,1,70
166,17,36619,1,0,0:0:0:0:
225,87,36794,2,0,L|313:74,1,70
108,197,37143,2,0,L|270:177,1,140
225,87,37666,2,0,L|313:74,1,70
225,87,38015,2,0,L|313:74,1,70
108,197,38364,2,0,L|270:177,1,140
166,17,38887,1,0,0:0:0:0:
166,17,39061,1,0,0:0:0:0:
166,17,39236,1,0,0:0:0:0:
166,17,39410,1,0,0:0:0:0:
166,17,39585,1,0,0:0:0:0:
225,87,39759,2,0,L|313:74,1,70
225,87,40108,2,0,L|313:74,1,70
108,197,40457,2,0,L|270:177,1,140
225,87,40980,2,0,L|313:74,1,70
225,87,41329,2,0,L|313:74,1,70
166,17,41678,1,0,0:0:0:0:
166,17,41852,1,0,0:0:0:0:
166,17,41939,1,0,0:0:0:0:
166,17,42026,1,0,0:0:0:0:
166,17,42114,1,0,0:0:0:0:
166,17,42201,1,0,0:0:0:0:
166,17,42375,1,0,0:0:0:0:
166,17,42462,1,0,0:0:0:0:
166,17,42550,1,0,0:0:0:0:
166,17,42724,1,0,0:0:0:0:
166,17,42898,1,0,0:0:0:0:
166,17,43073,1,0,0:0:0:0:
108,197,43945,2,0,L|270:177,1,140
431,77,44643,2,0,L|456:313,1,210
225,87,45515,2,0,L|313:74,1,70
168,11,45864,1,0,0:0:0:0:
108,197,46038,2,0,L|270:177,1,140
108,197,46736,2,0,L|270:177,1,140
225,87,47259,2,0,L|313:74,1,70
225,87,47608,2,0,L|313:74,1,70
168,11,47957,1,0,0:0:0:0:
108,197,48131,2,0,L|270:177,1,140
431,77,48829,2,0,L|456:313,1,210
225,87,49701,2,0,L|313:74,1,70
168,11,50050,1,0,0:0:0:0:
108,197,50224,2,0,L|270:177,1,140
108,197,50922,2,0,L|270:177,1,140
225,87,51445,2,0,L|313:74,1,70
225,87,51794,2,0,L|313:74,1,70
168,11,52143,1,0,0:0:0:0:
108,197,52317,2,0,L|270:177,1,140
431,77,53015,2,0,L|456:313,1,210
168,11,53887,1,0,0:0:0:0:
168,11,54061,1,0,0:0:0:0:
168,11,54236,1,0,0:0:0:0:
108,197,54410,2,0,L|270:177,1,140
108,197,55108,2,0,L|270:177,1,140
168,11,55631,1,0,0:0:0:0:
168,11,55805,1,0,0:0:0:0:
225,87,55980,2,0,L|294:76,1,70
168,11,56329,1,0,0:0:0:0:
108,197,56503,2,0,L|270:177,1,140
431,77,57201,2,0,L|456:313,1,210
168,11,58073,1,0,0:0:0:0:
168,11,58247,1,0,0:0:0:0:
168,11,58422,1,0,0:0:0:0:
108,197,58596,2,0,L|270:177,1,140
225,87,59294,2,0,L|294:76,1,70
166,17,59643,1,0,0:0:0:0:
166,17,59817,1,0,0:0:0:0:
166,17,60166,1,0,0:0:0:0:
166,17,60515,1,0,0:0:0:0:
108,197,60689,2,0,L|270:177,1,140
166,17,61125,1,0,0:0:0:0:
166,17,61212,1,0,0:0:0:0:
108,197,61387,2,0,L|270:177,1,140
204,278,61910,2,0,L|332:261,1,105
204,278,62259,2,0,L|332:261,1,105
166,17,62608,1,0,0:0:0:0:
225,87,62782,2,0,L|294:76,1,70
166,17,63131,1,0,0:0:0:0:
108,197,63480,2,0,L|270:177,1,140
204,278,64003,2,0,L|332:261,1,105
108,197,64352,2,0,L|270:177,1,140
225,87,64875,2,0,L|313:74,1,70
166,17,65224,1,0,0:0:0:0:
166,17,65282,1,0,0:0:0:0:
166,17,65340,1,0,0:0:0:0:
166,17,65398,1,0,0:0:0:0:
108,197,65573,2,0,L|270:177,1,140
204,278,66096,2,0,L|332:261,1,105
204,278,66445,2,0,L|332:261,1,105
166,17,66794,1,0,0:0:0:0:
431,77,66968,2,0,L|459:335,1,245
166,17,67666,1,0,0:0:0:0:
225,87,67840,2,0,L|313:74,1,70
204,278,68189,2,0,L|332:261,1,105
108,197,68538,2,0,L|270:177,1,140
108,197,69061,2,0,L|270:177,1,140
166,17,69497,1,0,0:0:0:0:
166,17,69584,1,0,0:0:0:0:
108,197,69759,2,0,L|270:177,1,140
204,278,70282,2,0,L|332:261,1,105
204,278,70631,2,0,L|332:261,1,105
289,357,70980,2,0,L|343:348,1,35
225,87,71154,2,0,L|313:74,1,70
166,17,71503,1,0,0:0:0:0:
108,197,71852,2,0,L|270:177,1,140
204,278,72375,2,0,L|332:261,1,105
204,278,72724,2,0,L|332:261,1,105
166,17,73073,1,0,0:0:0:0:
108,197,73247,2,0,L|270:177,1,140
166,17,73683,1,0,0:0:0:0:
166,17,73771,1,0,0:0:0:0:
108,197,73945,2,0,L|270:177,1,140
204,278,74468,2,0,L|332:261,1,105
204,278,74817,2,0,L|332:261,1,105
289,357,75166,2,0,L|343:348,1,35
225,87,75340,2,0,L|313:74,1,70
166,17,75689,1,0,0:0:0:0:
108,197,76038,2,0,L|270:177,1,140
289,357,76561,2,0,L|343:348,1,35
289,357,76910,2,0,L|343:348,1,35
166,17,77259,1,0,0:0:0:0:
166,17,77433,1,0,0:0:0:0:
166,17,77869,1,0,0:0:0:0:
166,17,77957,1,0,0:0:0:0:
108,197,78131,2,0,L|270:177,1,140
289,357,78654,2,0,L|343:348,1,35
289,357,79003,2,0,L|343:348,1,35
289,357,79352,2,0,L|343:348,1,35
225,87,79526,2,0,L|313:74,1,70
166,17,79875,1,0,0:0:0:0:
108,197,80224,2,0,L|270:177,1,140
289,357,80747,2,0,L|343:348,1,35
289,357,81096,2,0,L|343:348,1,35
166,17,81445,1,0,0:0:0:0:
166,17,81619,1,0,0:0:0:0:
166,17,82055,1,0,0:0:0:0:
166,17,82143,1,0,0:0:0:0:
108,197,82317,2,0,L|270:177,1,140
289,357,82840,2,0,L|343:348,1,35
289,357,83189,2,0,L|343:348,1,35
289,357,83538,2,0,L|343:348,1,35
225,87,83712,2,0,L|313:74,1,70
166,17,84061,1,0,0:0:0:0:
108,197,84410,2,0,L|270:177,1,140
289,357,84933,2,0,L|343:348,1,35
289,357,85282,2,0,L|343:348,1,35
166,17,85631,1,0,0:0:0:0:
166,17,85718,1,0,0:0:0:0:
166,17,85805,1,0,0:0:0:0:
166,17,94178,5,0,0:0:0:0:
108,197,94526,2,0,L|270:177,1,140
225,87,95050,2,0,L|313:74,1,70
108,197,95398,2,0,L|270:177,1,140
225,87,95922,2,0,L|313:74,1,70
166,17,96271,1,0,0:0:0:0:
225,87,96619,2,0,L|313:74,1,70
166,17,96968,1,0,0:0:0:0:
225,87,97143,2,0,L|313:74,1,70
225,87,97491,2,0,L|313:74,1,70
108,197,97840,2,0,L|270:177,1,140
166,17,98364,1,0,0:0:0:0:
108,197,98712,2,0,L|270:177,1,140
225,87,99236,2,0,L|313:74,1,70
108,197,99585,2,0,L|270:177,1,140
225,87,100108,2,0,L|313:74,1,70
166,17,100457,1,0,0:0:0:0:
225,87,100805,2,0,L|313:74,1,70
166,17,101154,1,0,0:0:0:0:
225,87,101329,2,0,L|313:74,1,70
225,87,101678,2,0,L|313:74,1,70
166,17,102026,1,0,0:0:0:0:
204,278,102201,2,0,L|332:261,1,105
225,87,102550,2,0,L|313:74,1,70
166,17,102898,1,0,0:0:0:0:
108,197,103247,2,0,L|270:177,1,140
225,87,103771,2,0,L|313:74,1,70
225,87,104119,2,0,L|313:74,1,70
289,357,104468,2,0,L|343:348,1,35
108,197,104643,2,0,L|270:177,1,140
166,17,105166,1,0,0:0:0:0:
166,17,105253,1,0,0:0:0:0:
225,87,105340,2,0,L|313:74,1,70
166,17,105689,1,0,0:0:0:0:
166,17,105864,1,0,0:0:0:0:
166,17,106038,1,0,0:0:0:0:
166,17,106212,1,0,0:0:0:0:
225,87,106387,2,0,L|313:74,1,70
108,197,106736,2,0,L|270:177,1,140
225,87,107433,2,0,L|313:74,1,70
166,17,107957,1,0,0:0:0:0:
108,197,108305,2,0,L|270:177,1,140
225,87,108829,2,0,L|313:74,1,70
166,17,109178,1,0,0:0:0:0:
225,87,109526,2,0,L|313:74,1,70
225,87,110050,2,0,L|313:74,1,70
108,197,110398,2,0,L|270:177,1,140
166,17,110835,1,0,0:0:0:0:
225,87,110922,2,0,L|313:74,1,70
166,17,111271,1,0,0:0:0:0:
108,197,111619,2,0,L|270:177,1,140
108,197,112143,2,0,L|270:177,2,140
166,17,112928,1,0,0:0:0:0:
225,87,113015,2,0,L|313:74,1,70
166,17,113364,1,0,0:0:0:0:
225,87,113538,2,0,L|313:74,1,70
166,17,113887,1,0,0:0:0:0:
166,17,114061,1,0,0:0:0:0:
166,17,114236,1,0,0:0:0:0:
166,17,114410,1,0,0:0:0:0:
166,17,114585,1,0,0:0:0:0:
225,87,114759,2,0,L|313:74,1,70
108,197,115108,2,0,L|270:177,1,140
225,87,115805,2,0,L|313:74,1,70
166,17,116329,1,0,0:0:0:0:
108,197,116678,2,0,L|270:177,1,140
225,87,117201,2,0,L|313:74,1,70
166,17,117550,1,0,0:0:0:0:
225,87,117898,2,0,L|313:74,1,70
166,17,118422,1,0,0:0:0:0:
225,87,118771,2,0,L|313:74,1,70
166,17,119119,1,0,0:0:0:0:
225,87,119294,2,0,L|313:74,1,70
166,17,119643,1,0,0:0:0:0:
108,197,119991,2,0,L|270:177,1,140
225,87,120515,2,0,L|313:74,1,70
225,87,120863,2,0,L|313:74,1,70
289,357,121212,2,0,L|343:348,1,35
225,87,121387,2,0,L|313:74,1,70
166,17,121736,1,0,0:0:0:0:
166,17,121910,1,0,0:0:0:0:
166,17,121997,1,0,0:0:0:0:
225,87,122085,2,0,L|294:76,1,70
166,17,122433,1,0,0:0:0:0:
166,17,122608,1,0,0:0:0:0:
166,17,122782,1,0,0:0:0:0:
166,17,122956,1,0,0:0:0:0:
225,87,123131,2,0,L|313:74,1,70
108,197,123480,2,0,L|270:177,1,140
225,87,124178,2,0,L|313:74,1,70
166,17,124702,1,0,0:0:0:0:
108,197,125050,2,0,L|270:177,1,140
225,87,125574,2,0,L|313:74,1,70
166,17,125923,1,0,0:0:0:0:
225,87,126271,2,0,L|313:74,1,70
225,87,126795,2,0,L|313:74,1,70
225,87,127143,2,0,L|313:74,1,70
166,17,127491,1,0,0:0:0:0:
166,17,127666,1,0,0:0:0:0:
166,17,128015,1,0,0:0:0:0:
225,87,128364,2,0,L|313:74,1,70
225,87,128887,2,0,L|313:74,1,70
225,87,129236,2,0,L|313:74,1,70
166,17,129585,1,0,0:0:0:0:
166,17,129759,1,0,0:0:0:0:
166,17,130108,1,0,0:0:0:0:
225,87,130457,2,0,L|313:74,2,70
225,87,130980,2,0,L|313:74,1,70
225,87,131329,2,0,L|313:74,1,70
166,17,131678,1,0,0:0:0:0:
166,17,131852,1,0,0:0:0:0:
166,17,132201,1,0,0:0:0:0:
289,357,132550,2,0,L|343:348,1,35
225,87,132724,2,0,L|313:74,1,70
225,87,133073,2,0,L|313:74,1,70
225,87,133422,2,0,L|313:74,1,70
166,17,133771,1,0,0:0:0:0:
166,17,133945,1,0,0:0:0:0:
166,17,134032,1,0,0:0:0:0:
166,17,134119,1,0,0:0:0:0:
166,17,134207,1,0,0:0:0:0:
166,17,134294,1,0,0:0:0:0:
166,17,134468,1,0,0:0:0:0:
166,17,134555,1,0,0:0:0:0:
166,17,134643,1,0,0:0:0:0:
166,17,134817,1,0,0:0:0:0:
166,17,134991,1,0,0:0:0:0:
166,17,135166,1,0,0:0:0:0:
108,197,136038,2,0,L|270:177,1,140
431,77,136736,2,0,L|456:313,1,210
225,87,137608,2,0,L|313:74,1,70
168,11,137957,1,0,0:0:0:0:
168,11,138044,1,0,0:0:0:0:
108,197,138131,2,0,L|270:177,1,140
108,197,138829,2,0,L|270:177,1,140
225,87,139352,2,0,L|313:74,1,70
225,87,139701,2,0,L|313:74,1,70
168,11,140050,1,0,0:0:0:0:
168,11,140137,1,0,0:0:0:0:
108,197,140224,2,0,L|270:177,1,140
431,77,140922,2,0,L|456:313,1,210
225,87,141794,2,0,L|313:74,1,70
168,11,142143,1,0,0:0:0:0:
168,11,142230,1,0,0:0:0:0:
108,197,142317,2,0,L|270:177,1,140
108,197,143015,2,0,L|270:177,1,140
225,87,143538,2,0,L|313:74,1,70
225,87,143887,2,0,L|313:74,1,70
168,11,144236,1,0,0:0:0:0:
168,11,144323,1,0,0:0:0:0:
108,197,144410,2,0,L|270:177,1,140
431,77,145108,2,0,L|456:313,1,210
168,11,145980,1,0,0:0:0:0:
168,11,146154,1,0,0:0:0:0:
168,11,146329,1,0,0:0:0:0:
168,11,146416,1,0,0:0:0:0:
108,197,146503,2,0,L|270:177,1,140
108,197,147201,2,0,L|270:177,1,140
168,11,147724,1,0,0:0:0:0:
168,11,147898,1,0,0:0:0:0:
225,87,148073,2,0,L|294:76,1,70
168,11,148422,1,0,0:0:0:0:
168,11,148509,1,0,0:0:0:0:
108,197,148596,2,0,L|270:177,1,140
431,77,149294,2,0,L|456:313,1,210
168,11,150166,1,0,0:0:0:0:
168,11,150340,1,0,0:0:0:0:
168,11,150515,1,0,0:0:0:0:
168,11,150602,1,0,0:0:0:0:
108,197,150689,2,0,L|270:177,1,140
225,87,151387,2,0,L|294:76,1,70
166,17,151736,1,0,0:0:0:0:
166,17,151910,1,0,0:0:0:0:
166,17,152259,1,0,0:0:0:0:
166,17,152608,1,0,0:0:0:0:
108,197,152782,2,0,L|270:177,1,140
166,17,153218,1,0,0:0:0:0:
166,17,153305,1,0,0:0:0:0:
225,87,153480,2,0,L|294:76,1,70
166,17,153829,1,0,0:0:0:0:
204,278,154003,2,0,L|332:261,1,105
204,278,154352,2,0,L|332:261,1,105
166,17,154701,1,0,0:0:0:0:
225,87,154875,2,0,L|294:76,1,70
166,17,155224,1,0,0:0:0:0:
108,197,155573,2,0,L|270:177,1,140
204,278,156096,2,0,L|332:261,1,105
108,197,156445,2,0,L|270:177,1,140
225,87,156968,2,0,L|313:74,1,70
166,17,157317,1,0,0:0:0:0:
166,17,157375,1,0,0:0:0:0:
166,17,157433,1,0,0:0:0:0:
166,17,157491,1,0,0:0:0:0:
225,87,157666,2,0,L|294:76,1,70
166,17,158015,1,0,0:0:0:0:
204,278,158189,2,0,L|332:261,1,105
204,278,158538,2,0,L|332:261,1,105
166,17,158887,1,0,0:0:0:0:
431,77,159061,2,0,L|459:335,1,245
166,17,159759,1,0,0:0:0:0:
225,87,159933,2,0,L|313:74,1,70
204,278,160282,2,0,L|332:261,1,105
108,197,160631,2,0,L|270:177,1,140
108,197,161154,2,0,L|270:177,1,140
166,17,161590,1,0,0:0:0:0:
166,17,161677,1,0,0:0:0:0:
225,87,161852,2,0,L|294:76,1,70
166,17,162201,1,0,0:0:0:0:
204,278,162375,2,0,L|332:261,1,105
204,278,162724,2,0,L|332:261,1,105
289,357,163073,2,0,L|343:348,1,35
225,87,163247,2,0,L|313:74,1,70
166,17,163596,1,0,0:0:0:0:
108,197,163945,2,0,L|270:177,1,140
204,278,164468,2,0,L|332:261,1,105
204,278,164817,2,0,L|332:261,1,105
166,17,165166,1,0,0:0:0:0:
108,197,165340,2,0,L|270:177,1,140
166,17,165776,1,0,0:0:0:0:
166,17,165864,1,0,0:0:0:0:
225,87,166038,2,0,L|294:76,1,70
166,17,166387,1,0,0:0:0:0:
204,278,166561,2,0,L|332:261,1,105
204,278,166910,2,0,L|332:261,1,105
289,357,167259,2,0,L|343:348,1,35
225,87,167433,2,0,L|313:74,1,70
166,17,167782,1,0,0:0:0:0:
225,87,168131,2,0,L|313:74,1,70
289,357,168654,2,0,L|343:348,1,35
289,357,169003,2,0,L|343:348,1,35
166,17,169352,1,0,0:0:0:0:
166,17,169526,1,0,0:0:0:0:
166,17,169962,1,0,0:0:0:0:
166,17,170050,1,0,0:0:0:0:
225,87,170224,2,0,L|313:74,1,70
166,17,170573,1,0,0:0:0:0:
289,357,170747,2,0,L|343:348,1,35
289,357,171096,2,0,L|343:348,1,35
289,357,171445,2,0,L|343:348,1,35
225,87,171619,2,0,L|313:74,1,70
166,17,171968,1,0,0:0:0:0:
225,87,172317,2,0,L|313:74,1,70
289,357,172840,2,0,L|343:348,1,35
289,357,173189,2,0,L|343:348,1,35
166,17,173538,1,0,0:0:0:0:
166,17,173712,1,0,0:0:0:0:
166,17,174148,1,0,0:0:0:0:
166,17,174236,1,0,0:0:0:0:
225,87,174410,2,0,L|313:74,1,70
166,17,174759,1,0,0:0:0:0:
289,357,174933,2,0,L|343:348,1,35
289,357,175282,2,0,L|343:348,1,35
289,357,175631,2,0,L|343:348,1,35
225,87,175805,2,0,L|313:74,1,70
166,17,176154,1,0,0:0:0:0:
225,87,176503,2,0,L|313:74,1,70
289,357,177026,2,0,L|343:348,1,35
289,357,177375,2,0,L|343:348,1,35
166,17,177724,1,0,0:0:0:0:
166,17,177811,1,0,0:0:0:0:
166,17,177898,1,0,0:0:0:0:
225,87,178596,2,0,L|313:74,1,70
166,17,179119,1,0,0:0:0:0:
225,87,179468,2,0,L|313:74,1,70
166,17,179817,1,0,0:0:0:0:
166,17,179991,1,0,0:0:0:0:
225,87,180689,2,0,L|313:74,1,70
166,17,181212,1,0,0:0:0:0:
225,87,181561,2,0,L|313:74,1,70
166,17,181910,1,0,0:0:0:0:
166,17,182084,1,0,0:0:0:0:
166,17,182782,1,0,0:0:0:0:
166,17,182957,1,0,0:0:0:0:
166,17,183305,1,0,0:0:0:0:
166,17,183654,1,0,0:0:0:0:
166,17,183829,1,0,0:0:0:0:
166,17,184003,1,0,0:0:0:0:
166,17,184177,1,0,0:0:0:0:
166,17,184875,1,0,0:0:0:0:
166,17,185050,1,0,0:0:0:0:
166,17,185398,1,0,0:0:0:0:
166,17,185747,1,0,0:0:0:0:
166,17,185922,1,0,0:0:0:0:
166,17,186096,1,0,0:0:0:0:
166,17,186270,1,0,0:0:0:0:
